New Set for prefix 
New Solution
(1, start)->(3, 200) 0 1
(3, 200)->(5, 65534) 1 2
(5, 65534)->(5, 65532) 2 3
(5, 65532)->(5, 65531) 3 4
(5, 65531)->(5, 65530) 4 5
(5, 65530)->(5, 65533) 5 6
(5, 65533)->(2, end) 6 7
New Solution
(1, start)->(3, 200) 0 1
(3, 200)->(4, 65533) 1 2
(4, 65533)->(4, 65530) 2 3
(4, 65530)->(4, 65531) 3 4
(4, 65531)->(4, 65532) 4 5
(4, 65532)->(2, end) 5 6
New Solution
(1, start)->(3, 200) 0 1
(3, 200)->(4, 65533) 1 2
(4, 65533)->(4, 65530) 2 3
(4, 65530)->(4, 65531) 3 4
(4, 65531)->(4, 65532) 4 5
(4, 65532)->(4, 65534) 5 6
(4, 65534)->(2, end) 6 7
New Set for prefix 
New Solution
(1, start)->(3, 65530) 0 1
(3, 65530)->(3, 65531) 1 2
(3, 65531)->(3, 65532) 2 3
(3, 65532)->(6, 65534) 3 4
(6, 65534)->(7, 200) 4 5
(7, 200)->(2, end) 5 6
New Solution
(1, start)->(3, 65530) 0 1
(3, 65530)->(4, 65533) 1 2
(4, 65533)->(5, 200) 2 3
(5, 200)->(2, end) 3 4
New Set for prefix 
test0.cli
(1, start) (3, 200)
test0.cli
(3, 200) (4, 65533)
test0.cli
(4, 65533) (4, 65530)
test0.cli
(4, 65530) (4, 65531)
test0.cli
(4, 65531) (4, 65532)
test0.cli
(4, 65532) (2, end)
test0.cli last router is 65532
test1.cli
(1, start) (3, 200)
test1.cli
(3, 200) (4, 65533)
test1.cli
(4, 65533) (4, 65530)
test1.cli
(4, 65530) (4, 65531)
test1.cli
(4, 65531) (4, 65532)
test1.cli
(4, 65532) (4, 65534)
test1.cli
(4, 65534) (2, end)
test1.cli last router is 65534
test2.cli
(1, start) (3, 200)
test2.cli
(3, 200) (5, 65534)
test2.cli
(5, 65534) (5, 65532)
test2.cli
(5, 65532) (5, 65531)
test2.cli
(5, 65531) (5, 65530)
test2.cli
(5, 65530) (5, 65533)
test2.cli
(5, 65533) (2, end)
test2.cli last router is 65533
test3.cli
(1, start) (3, 65530)
test3.cli
(3, 65530) (3, 65531)
test3.cli
(3, 65531) (3, 65532)
test3.cli
(3, 65532) (6, 65534)
test3.cli
(6, 65534) (7, 200)
test3.cli
(7, 200) (2, end)
test3.cli last router is 200
test4.cli
(1, start) (3, 65530)
test4.cli
(3, 65530) (4, 65533)
test4.cli
(4, 65533) (5, 200)
test4.cli
(5, 200) (2, end)
test4.cli last router is 200
