New Set for prefix 
New Set for prefix 
New Solution
(1, start)->(3, 500) 0 1
(3, 500)->(5, 300) 1 2
(5, 300)->(8, 65532) 2 3
(8, 65532)->(8, 65533) 3 4
(8, 65533)->(12, 200) 4 5
(12, 200)->(2, end) 5 6
New Solution
(1, start)->(3, 500) 0 1
(3, 500)->(5, 300) 1 2
(5, 300)->(8, 65532) 2 3
(8, 65532)->(8, 65531) 3 4
(8, 65531)->(2, end) 4 5
New Solution
(1, start)->(3, 500) 0 1
(3, 500)->(5, 300) 1 2
(5, 300)->(8, 65532) 2 3
(8, 65532)->(8, 65531) 3 4
(8, 65531)->(8, 65533) 4 5
(8, 65533)->(2, end) 5 6
New Solution
(1, start)->(3, 500) 0 1
(3, 500)->(5, 400) 1 2
(5, 400)->(8, 65531) 2 3
(8, 65531)->(8, 65533) 3 4
(8, 65533)->(12, 200) 4 5
(12, 200)->(2, end) 5 6
New Solution
(1, start)->(3, 500) 0 1
(3, 500)->(4, 200) 1 2
(4, 200)->(7, 65534) 2 3
(7, 65534)->(2, end) 3 4
New Solution
(1, start)->(3, 500) 0 1
(3, 500)->(4, 200) 1 2
(4, 200)->(6, 65533) 2 3
(6, 65533)->(2, end) 3 4
New Solution
(1, start)->(3, 500) 0 1
(3, 500)->(4, 200) 1 2
(4, 200)->(6, 65533) 2 3
(6, 65533)->(6, 65532) 3 4
(6, 65532)->(2, end) 4 5
New Solution
(1, start)->(3, 500) 0 1
(3, 500)->(4, 200) 1 2
(4, 200)->(6, 65533) 2 3
(6, 65533)->(6, 65532) 3 4
(6, 65531)->(2, end) 5 6
(6, 65532)->(6, 65531) 4 5
New Solution
(1, start)->(3, 500) 0 1
(3, 500)->(4, 200) 1 2
(4, 200)->(6, 65533) 2 3
(6, 65533)->(6, 65531) 3 4
(6, 65531)->(2, end) 4 5
New Solution
(1, start)->(3, 500) 0 1
(3, 500)->(4, 200) 1 2
(4, 200)->(6, 65533) 2 3
(6, 65533)->(6, 65532) 3 4
(6, 65532)->(9, 300) 4 5
(9, 300)->(2, end) 5 6
New Solution
(1, start)->(3, 500) 0 1
(3, 500)->(4, 200) 1 2
(4, 200)->(6, 65533) 2 3
(6, 65533)->(6, 65531) 3 4
(6, 65531)->(6, 65532) 4 5
(6, 65532)->(9, 300) 5 6
(9, 300)->(2, end) 6 7
New Solution
(1, start)->(3, 500) 0 1
(3, 500)->(4, 200) 1 2
(4, 200)->(6, 65533) 2 3
(6, 65533)->(6, 65531) 3 4
(6, 65531)->(9, 400) 4 5
(9, 400)->(2, end) 5 6
New Solution
(1, start)->(3, 500) 0 1
(3, 500)->(4, 200) 1 2
(4, 200)->(6, 65533) 2 3
(6, 65533)->(6, 65532) 3 4
(6, 65531)->(9, 400) 6 7
(6, 65532)->(6, 65534) 4 5
(6, 65534)->(6, 65531) 5 6
(9, 400)->(2, end) 7 8
New Solution
(1, start)->(3, 500) 0 1
(3, 500)->(4, 200) 1 2
(4, 200)->(6, 65533) 2 3
(6, 65533)->(6, 65534) 3 4
(6, 65534)->(2, end) 4 5
New Solution
(1, start)->(3, 500) 0 1
(3, 500)->(4, 200) 1 2
(4, 200)->(6, 65533) 2 3
(6, 65533)->(6, 65534) 3 4
(6, 65532)->(2, end) 5 6
(6, 65534)->(6, 65532) 4 5
New Solution
(1, start)->(3, 500) 0 1
(3, 500)->(5, 300) 1 2
(5, 300)->(8, 65532) 2 3
(8, 65532)->(8, 65533) 3 4
(8, 65533)->(8, 65534) 4 5
(8, 65534)->(2, end) 5 6
New Solution
(1, start)->(3, 500) 0 1
(3, 500)->(5, 300) 1 2
(5, 300)->(8, 65532) 2 3
(8, 65532)->(8, 65533) 3 4
(8, 65533)->(8, 65534) 4 5
(8, 65534)->(12, 200) 5 6
(12, 200)->(2, end) 6 7
New Solution
(1, start)->(3, 500) 0 1
(3, 500)->(5, 400) 1 2
(5, 400)->(8, 65531) 2 3
(8, 65532)->(2, end) 6 7
(8, 65531)->(8, 65533) 3 4
(8, 65533)->(8, 65534) 4 5
(8, 65534)->(8, 65532) 5 6
New Solution
(1, start)->(3, 500) 0 1
(3, 500)->(5, 300) 1 2
(5, 300)->(8, 65532) 2 3
(8, 65532)->(8, 65533) 3 4
(8, 65531)->(2, end) 6 7
(8, 65533)->(8, 65534) 4 5
(8, 65534)->(8, 65531) 5 6
New Solution
(1, start)->(3, 500) 0 1
(3, 500)->(5, 300) 1 2
(5, 300)->(8, 65532) 2 3
(8, 65532)->(8, 65533) 3 4
(8, 65531)->(2, end) 5 6
(8, 65533)->(8, 65531) 4 5
New Solution
(1, start)->(3, 500) 0 1
(3, 500)->(5, 300) 1 2
(5, 300)->(8, 65532) 2 3
(8, 65532)->(8, 65533) 3 4
(8, 65531)->(8, 65534) 5 6
(8, 65533)->(8, 65531) 4 5
(8, 65534)->(2, end) 6 7
New Solution
(1, start)->(3, 500) 0 1
(3, 500)->(5, 300) 1 2
(5, 300)->(8, 65532) 2 3
(8, 65532)->(8, 65531) 3 4
(8, 65531)->(8, 65534) 4 5
(8, 65533)->(12, 200) 6 7
(8, 65534)->(8, 65533) 5 6
(12, 200)->(2, end) 7 8
New Solution
(1, start)->(3, 500) 0 1
(3, 500)->(4, 200) 1 2
(4, 200)->(7, 65534) 2 3
(7, 65534)->(7, 65532) 3 4
(7, 65532)->(2, end) 4 5
New Solution
(1, start)->(3, 500) 0 1
(3, 500)->(4, 200) 1 2
(4, 200)->(7, 65534) 2 3
(7, 65534)->(7, 65532) 3 4
(7, 65532)->(10, 300) 4 5
(10, 300)->(2, end) 5 6
New Solution
(1, start)->(3, 500) 0 1
(3, 500)->(4, 200) 1 2
(4, 200)->(7, 65534) 2 3
(7, 65534)->(7, 65532) 3 4
(7, 65531)->(2, end) 5 6
(7, 65532)->(7, 65531) 4 5
New Solution
(1, start)->(3, 500) 0 1
(3, 500)->(4, 200) 1 2
(4, 200)->(7, 65534) 2 3
(7, 65534)->(7, 65532) 3 4
(7, 65531)->(10, 400) 5 6
(7, 65532)->(7, 65531) 4 5
(10, 400)->(2, end) 6 7
New Solution
(1, start)->(3, 500) 0 1
(3, 500)->(4, 200) 1 2
(4, 200)->(7, 65534) 2 3
(7, 65534)->(7, 65531) 3 4
(7, 65531)->(10, 400) 4 5
(10, 400)->(2, end) 5 6
New Solution
(1, start)->(3, 500) 0 1
(3, 500)->(4, 200) 1 2
(4, 200)->(6, 65533) 2 3
(6, 65533)->(6, 65531) 3 4
(6, 65531)->(6, 65534) 4 5
(6, 65534)->(2, end) 5 6
New Solution
(1, start)->(3, 500) 0 1
(3, 500)->(5, 300) 1 2
(5, 300)->(8, 65532) 2 3
(8, 65532)->(8, 65534) 3 4
(8, 65534)->(2, end) 4 5
New Solution
(1, start)->(3, 500) 0 1
(3, 500)->(4, 200) 1 2
(4, 200)->(7, 65534) 2 3
(7, 65534)->(7, 65531) 3 4
(7, 65531)->(7, 65532) 4 5
(7, 65532)->(2, end) 5 6
New Solution
(1, start)->(3, 500) 0 1
(3, 500)->(4, 200) 1 2
(4, 200)->(7, 65534) 2 3
(7, 65534)->(7, 65531) 3 4
(7, 65531)->(7, 65532) 4 5
(7, 65532)->(7, 65533) 5 6
(7, 65533)->(2, end) 6 7
New Solution
(1, start)->(3, 500) 0 1
(3, 500)->(4, 200) 1 2
(4, 200)->(7, 65534) 2 3
(7, 65534)->(7, 65532) 3 4
(7, 65531)->(2, end) 6 7
(7, 65532)->(7, 65533) 4 5
(7, 65533)->(7, 65531) 5 6
New Solution
(1, start)->(3, 500) 0 1
(3, 500)->(4, 200) 1 2
(4, 200)->(7, 65534) 2 3
(7, 65534)->(7, 65533) 3 4
(7, 65531)->(2, end) 5 6
(7, 65533)->(7, 65531) 4 5
New Solution
(1, start)->(3, 500) 0 1
(3, 500)->(4, 200) 1 2
(4, 200)->(7, 65534) 2 3
(7, 65534)->(7, 65533) 3 4
(7, 65532)->(2, end) 5 6
(7, 65533)->(7, 65532) 4 5
New Solution
(1, start)->(3, 500) 0 1
(3, 500)->(4, 200) 1 2
(4, 200)->(7, 65534) 2 3
(7, 65534)->(7, 65531) 3 4
(7, 65531)->(7, 65533) 4 5
(7, 65533)->(2, end) 5 6
New Solution
(1, start)->(3, 500) 0 1
(3, 500)->(5, 400) 1 2
(5, 400)->(8, 65531) 2 3
(8, 65532)->(2, end) 4 5
(8, 65531)->(8, 65532) 3 4
New Solution
(1, start)->(3, 500) 0 1
(3, 500)->(5, 400) 1 2
(5, 400)->(8, 65531) 2 3
(8, 65532)->(2, end) 5 6
(8, 65531)->(8, 65533) 3 4
(8, 65533)->(8, 65532) 4 5
New Set for prefix 
New Solution
(1, start)->(4, 300) 0 1
(4, 300)->(8, 65532) 1 2
(8, 65532)->(8, 65533) 2 3
(8, 65533)->(12, 200) 3 4
(12, 200)->(2, end) 4 5
New Solution
(1, start)->(4, 300) 0 1
(4, 300)->(8, 65532) 1 2
(8, 65532)->(8, 65534) 2 3
(8, 65534)->(12, 200) 3 4
(12, 200)->(2, end) 4 5
New Solution
(1, start)->(4, 300) 0 1
(4, 300)->(8, 65532) 1 2
(8, 65532)->(8, 65534) 2 3
(8, 65533)->(2, end) 4 5
(8, 65534)->(8, 65533) 3 4
New Solution
(1, start)->(3, 200) 0 1
(3, 200)->(7, 65534) 1 2
(7, 65534)->(2, end) 2 3
New Solution
(1, start)->(3, 200) 0 1
(3, 200)->(7, 65534) 1 2
(7, 65534)->(7, 65533) 2 3
(7, 65533)->(2, end) 3 4
New Solution
(1, start)->(3, 200) 0 1
(3, 200)->(7, 65534) 1 2
(7, 65534)->(7, 65533) 2 3
(7, 65532)->(2, end) 4 5
(7, 65533)->(7, 65532) 3 4
New Solution
(1, start)->(3, 200) 0 1
(3, 200)->(7, 65534) 1 2
(7, 65534)->(7, 65533) 2 3
(7, 65532)->(10, 300) 4 5
(7, 65533)->(7, 65532) 3 4
(10, 300)->(2, end) 5 6
New Solution
(1, start)->(4, 300) 0 1
(4, 300)->(8, 65532) 1 2
(8, 65532)->(8, 65534) 2 3
(8, 65531)->(2, end) 4 5
(8, 65534)->(8, 65531) 3 4
New Solution
(1, start)->(4, 300) 0 1
(4, 300)->(8, 65532) 1 2
(8, 65532)->(8, 65533) 2 3
(8, 65531)->(2, end) 4 5
(8, 65533)->(8, 65531) 3 4
New Solution
(1, start)->(3, 200) 0 1
(3, 200)->(6, 65533) 1 2
(6, 65533)->(2, end) 2 3
New Solution
(1, start)->(4, 300) 0 1
(4, 300)->(8, 65532) 1 2
(8, 65532)->(8, 65531) 2 3
(8, 65531)->(2, end) 3 4
New Solution
(1, start)->(3, 200) 0 1
(3, 200)->(7, 65534) 1 2
(7, 65534)->(7, 65531) 2 3
(7, 65531)->(2, end) 3 4
New Solution
(1, start)->(3, 200) 0 1
(3, 200)->(7, 65534) 1 2
(7, 65534)->(7, 65531) 2 3
(7, 65531)->(10, 400) 3 4
(10, 400)->(2, end) 4 5
New Solution
(1, start)->(3, 200) 0 1
(3, 200)->(7, 65534) 1 2
(7, 65534)->(7, 65531) 2 3
(7, 65531)->(7, 65533) 3 4
(7, 65533)->(2, end) 4 5
New Solution
(1, start)->(3, 200) 0 1
(3, 200)->(7, 65534) 1 2
(7, 65534)->(7, 65533) 2 3
(7, 65531)->(2, end) 4 5
(7, 65533)->(7, 65531) 3 4
New Solution
(1, start)->(3, 200) 0 1
(3, 200)->(7, 65534) 1 2
(7, 65534)->(7, 65533) 2 3
(7, 65531)->(2, end) 5 6
(7, 65532)->(7, 65531) 4 5
(7, 65533)->(7, 65532) 3 4
New Solution
(1, start)->(3, 200) 0 1
(3, 200)->(7, 65534) 1 2
(7, 65534)->(7, 65532) 2 3
(7, 65531)->(2, end) 4 5
(7, 65532)->(7, 65531) 3 4
New Solution
(1, start)->(3, 200) 0 1
(3, 200)->(7, 65534) 1 2
(7, 65534)->(7, 65532) 2 3
(7, 65532)->(7, 65533) 3 4
(7, 65533)->(2, end) 4 5
New Solution
(1, start)->(3, 200) 0 1
(3, 200)->(6, 65533) 1 2
(6, 65533)->(6, 65532) 2 3
(6, 65532)->(2, end) 3 4
New Solution
(1, start)->(3, 200) 0 1
(3, 200)->(6, 65533) 1 2
(6, 65533)->(6, 65532) 2 3
(6, 65532)->(9, 300) 3 4
(9, 300)->(2, end) 4 5
New Solution
(1, start)->(3, 200) 0 1
(3, 200)->(6, 65533) 1 2
(6, 65533)->(6, 65532) 2 3
(6, 65531)->(2, end) 4 5
(6, 65532)->(6, 65531) 3 4
New Solution
(1, start)->(3, 200) 0 1
(3, 200)->(6, 65533) 1 2
(6, 65533)->(6, 65532) 2 3
(6, 65531)->(9, 400) 4 5
(6, 65532)->(6, 65531) 3 4
(9, 400)->(2, end) 5 6
New Solution
(1, start)->(3, 200) 0 1
(3, 200)->(6, 65533) 1 2
(6, 65533)->(6, 65531) 2 3
(6, 65531)->(9, 400) 3 4
(9, 400)->(2, end) 4 5
New Solution
(1, start)->(3, 200) 0 1
(3, 200)->(6, 65533) 1 2
(6, 65533)->(6, 65531) 2 3
(6, 65531)->(6, 65532) 3 4
(6, 65532)->(2, end) 4 5
New Solution
(1, start)->(3, 200) 0 1
(3, 200)->(7, 65534) 1 2
(7, 65534)->(7, 65531) 2 3
(7, 65531)->(7, 65532) 3 4
(7, 65532)->(2, end) 4 5
New Solution
(1, start)->(3, 200) 0 1
(3, 200)->(6, 65533) 1 2
(6, 65533)->(6, 65532) 2 3
(6, 65531)->(6, 65534) 4 5
(6, 65532)->(6, 65531) 3 4
(6, 65534)->(2, end) 5 6
New Solution
(1, start)->(3, 200) 0 1
(3, 200)->(6, 65533) 1 2
(6, 65533)->(6, 65531) 2 3
(6, 65531)->(6, 65534) 3 4
(6, 65532)->(2, end) 5 6
(6, 65534)->(6, 65532) 4 5
New Solution
(1, start)->(3, 200) 0 1
(3, 200)->(6, 65533) 1 2
(6, 65533)->(6, 65534) 2 3
(6, 65534)->(2, end) 3 4
New Solution
(1, start)->(3, 200) 0 1
(3, 200)->(6, 65533) 1 2
(6, 65533)->(6, 65534) 2 3
(6, 65531)->(2, end) 4 5
(6, 65534)->(6, 65531) 3 4
New Solution
(1, start)->(3, 200) 0 1
(3, 200)->(6, 65533) 1 2
(6, 65533)->(6, 65532) 2 3
(6, 65531)->(2, end) 5 6
(6, 65532)->(6, 65534) 3 4
(6, 65534)->(6, 65531) 4 5
New Solution
(1, start)->(4, 400) 0 1
(4, 400)->(8, 65531) 1 2
(8, 65531)->(2, end) 2 3
New Solution
(1, start)->(4, 400) 0 1
(4, 400)->(8, 65531) 1 2
(8, 65532)->(2, end) 3 4
(8, 65531)->(8, 65532) 2 3
New Solution
(1, start)->(4, 400) 0 1
(4, 400)->(8, 65531) 1 2
(8, 65532)->(8, 65533) 3 4
(8, 65531)->(8, 65532) 2 3
(8, 65533)->(8, 65534) 4 5
(8, 65534)->(2, end) 5 6
New Solution
(1, start)->(4, 400) 0 1
(4, 400)->(8, 65531) 1 2
(8, 65531)->(8, 65533) 2 3
(8, 65533)->(8, 65534) 3 4
(8, 65534)->(2, end) 4 5
New Solution
(1, start)->(4, 400) 0 1
(4, 400)->(8, 65531) 1 2
(8, 65532)->(2, end) 5 6
(8, 65531)->(8, 65533) 2 3
(8, 65533)->(8, 65534) 3 4
(8, 65534)->(8, 65532) 4 5
New Solution
(1, start)->(4, 400) 0 1
(4, 400)->(8, 65531) 1 2
(8, 65532)->(2, end) 4 5
(8, 65531)->(8, 65533) 2 3
(8, 65533)->(8, 65532) 3 4
New Solution
(1, start)->(4, 400) 0 1
(4, 400)->(8, 65531) 1 2
(8, 65532)->(2, end) 5 6
(8, 65531)->(8, 65534) 2 3
(8, 65533)->(8, 65532) 4 5
(8, 65534)->(8, 65533) 3 4
test0.cli
(1, start) (3, 200)
test0.cli
(3, 200) (6, 65533)
test0.cli
(6, 65533) (2, end)
test0.cli last router is 65533
test1.cli
(1, start) (3, 200)
test1.cli
(3, 200) (6, 65533)
test1.cli
(6, 65533) (6, 65531)
test1.cli
(6, 65531) (6, 65532)
test1.cli
(6, 65532) (2, end)
test1.cli last router is 65532
test2.cli
(1, start) (3, 200)
test2.cli
(3, 200) (6, 65533)
test2.cli
(6, 65533) (6, 65531)
test2.cli
(6, 65531) (6, 65534)
test2.cli
(6, 65532) (2, end)
test2.cli
(6, 65534) (6, 65532)
test2.cli last router is 65532
test3.cli
(1, start) (3, 200)
test3.cli
(3, 200) (6, 65533)
test3.cli
(6, 65533) (6, 65531)
test3.cli
(6, 65531) (9, 400)
test3.cli
(9, 400) (2, end)
test3.cli last router is 400
test4.cli
(1, start) (3, 200)
test4.cli
(3, 200) (6, 65533)
test4.cli
(6, 65533) (6, 65532)
test4.cli
(6, 65531) (2, end)
test4.cli
(6, 65532) (6, 65531)
test4.cli last router is 65531
test5.cli
(1, start) (3, 200)
test5.cli
(3, 200) (6, 65533)
test5.cli
(6, 65533) (6, 65532)
test5.cli
(6, 65531) (2, end)
test5.cli
(6, 65532) (6, 65534)
test5.cli
(6, 65534) (6, 65531)
test5.cli last router is 65531
test6.cli
(1, start) (3, 200)
test6.cli
(3, 200) (6, 65533)
test6.cli
(6, 65533) (6, 65532)
test6.cli
(6, 65531) (6, 65534)
test6.cli
(6, 65532) (6, 65531)
test6.cli
(6, 65534) (2, end)
test6.cli last router is 65534
test7.cli
(1, start) (3, 200)
test7.cli
(3, 200) (6, 65533)
test7.cli
(6, 65533) (6, 65532)
test7.cli
(6, 65531) (9, 400)
test7.cli
(6, 65532) (6, 65531)
test7.cli
(9, 400) (2, end)
test7.cli last router is 400
test8.cli
(1, start) (3, 200)
test8.cli
(3, 200) (6, 65533)
test8.cli
(6, 65533) (6, 65532)
test8.cli
(6, 65532) (2, end)
test8.cli last router is 65532
test9.cli
(1, start) (3, 200)
test9.cli
(3, 200) (6, 65533)
test9.cli
(6, 65533) (6, 65532)
test9.cli
(6, 65532) (9, 300)
test9.cli
(9, 300) (2, end)
test9.cli last router is 300
test10.cli
(1, start) (3, 200)
test10.cli
(3, 200) (6, 65533)
test10.cli
(6, 65533) (6, 65534)
test10.cli
(6, 65531) (2, end)
test10.cli
(6, 65534) (6, 65531)
test10.cli last router is 65531
test11.cli
(1, start) (3, 200)
test11.cli
(3, 200) (6, 65533)
test11.cli
(6, 65533) (6, 65534)
test11.cli
(6, 65534) (2, end)
test11.cli last router is 65534
test12.cli
(1, start) (3, 200)
test12.cli
(3, 200) (7, 65534)
test12.cli
(7, 65534) (2, end)
test12.cli last router is 65534
test13.cli
(1, start) (3, 200)
test13.cli
(3, 200) (7, 65534)
test13.cli
(7, 65534) (7, 65531)
test13.cli
(7, 65531) (2, end)
test13.cli last router is 65531
test14.cli
(1, start) (3, 200)
test14.cli
(3, 200) (7, 65534)
test14.cli
(7, 65534) (7, 65531)
test14.cli
(7, 65531) (7, 65532)
test14.cli
(7, 65532) (2, end)
test14.cli last router is 65532
test15.cli
(1, start) (3, 200)
test15.cli
(3, 200) (7, 65534)
test15.cli
(7, 65534) (7, 65531)
test15.cli
(7, 65531) (7, 65533)
test15.cli
(7, 65533) (2, end)
test15.cli last router is 65533
test16.cli
(1, start) (3, 200)
test16.cli
(3, 200) (7, 65534)
test16.cli
(7, 65534) (7, 65531)
test16.cli
(7, 65531) (10, 400)
test16.cli
(10, 400) (2, end)
test16.cli last router is 400
test17.cli
(1, start) (3, 200)
test17.cli
(3, 200) (7, 65534)
test17.cli
(7, 65534) (7, 65532)
test17.cli
(7, 65531) (2, end)
test17.cli
(7, 65532) (7, 65531)
test17.cli last router is 65531
test18.cli
(1, start) (3, 200)
test18.cli
(3, 200) (7, 65534)
test18.cli
(7, 65534) (7, 65532)
test18.cli
(7, 65532) (7, 65533)
test18.cli
(7, 65533) (2, end)
test18.cli last router is 65533
test19.cli
(1, start) (3, 200)
test19.cli
(3, 200) (7, 65534)
test19.cli
(7, 65534) (7, 65533)
test19.cli
(7, 65531) (2, end)
test19.cli
(7, 65532) (7, 65531)
test19.cli
(7, 65533) (7, 65532)
test19.cli last router is 65531
test20.cli
(1, start) (3, 200)
test20.cli
(3, 200) (7, 65534)
test20.cli
(7, 65534) (7, 65533)
test20.cli
(7, 65531) (2, end)
test20.cli
(7, 65533) (7, 65531)
test20.cli last router is 65531
test21.cli
(1, start) (3, 200)
test21.cli
(3, 200) (7, 65534)
test21.cli
(7, 65534) (7, 65533)
test21.cli
(7, 65532) (2, end)
test21.cli
(7, 65533) (7, 65532)
test21.cli last router is 65532
test22.cli
(1, start) (3, 200)
test22.cli
(3, 200) (7, 65534)
test22.cli
(7, 65534) (7, 65533)
test22.cli
(7, 65532) (10, 300)
test22.cli
(7, 65533) (7, 65532)
test22.cli
(10, 300) (2, end)
test22.cli last router is 300
test23.cli
(1, start) (3, 200)
test23.cli
(3, 200) (7, 65534)
test23.cli
(7, 65534) (7, 65533)
test23.cli
(7, 65533) (2, end)
test23.cli last router is 65533
test24.cli
(1, start) (4, 300)
test24.cli
(4, 300) (8, 65532)
test24.cli
(8, 65532) (8, 65531)
test24.cli
(8, 65531) (2, end)
test24.cli last router is 65531
test25.cli
(1, start) (4, 300)
test25.cli
(4, 300) (8, 65532)
test25.cli
(8, 65532) (8, 65533)
test25.cli
(8, 65531) (2, end)
test25.cli
(8, 65533) (8, 65531)
test25.cli last router is 65531
test26.cli
(1, start) (4, 300)
test26.cli
(4, 300) (8, 65532)
test26.cli
(8, 65532) (8, 65533)
test26.cli
(8, 65533) (12, 200)
test26.cli
(12, 200) (2, end)
test26.cli last router is 200
test27.cli
(1, start) (4, 300)
test27.cli
(4, 300) (8, 65532)
test27.cli
(8, 65532) (8, 65534)
test27.cli
(8, 65531) (2, end)
test27.cli
(8, 65534) (8, 65531)
test27.cli last router is 65531
test28.cli
(1, start) (4, 300)
test28.cli
(4, 300) (8, 65532)
test28.cli
(8, 65532) (8, 65534)
test28.cli
(8, 65533) (2, end)
test28.cli
(8, 65534) (8, 65533)
test28.cli last router is 65533
test29.cli
(1, start) (4, 300)
test29.cli
(4, 300) (8, 65532)
test29.cli
(8, 65532) (8, 65534)
test29.cli
(8, 65534) (12, 200)
test29.cli
(12, 200) (2, end)
test29.cli last router is 200
test30.cli
(1, start) (4, 400)
test30.cli
(4, 400) (8, 65531)
test30.cli
(8, 65532) (2, end)
test30.cli
(8, 65531) (8, 65532)
test30.cli last router is 65532
test31.cli
(1, start) (4, 400)
test31.cli
(4, 400) (8, 65531)
test31.cli
(8, 65532) (2, end)
test31.cli
(8, 65531) (8, 65533)
test31.cli
(8, 65533) (8, 65532)
test31.cli last router is 65532
test32.cli
(1, start) (4, 400)
test32.cli
(4, 400) (8, 65531)
test32.cli
(8, 65532) (2, end)
test32.cli
(8, 65531) (8, 65533)
test32.cli
(8, 65533) (8, 65534)
test32.cli
(8, 65534) (8, 65532)
test32.cli last router is 65532
test33.cli
(1, start) (4, 400)
test33.cli
(4, 400) (8, 65531)
test33.cli
(8, 65532) (2, end)
test33.cli
(8, 65531) (8, 65534)
test33.cli
(8, 65533) (8, 65532)
test33.cli
(8, 65534) (8, 65533)
test33.cli last router is 65532
test34.cli
(1, start) (4, 400)
test34.cli
(4, 400) (8, 65531)
test34.cli
(8, 65532) (8, 65533)
test34.cli
(8, 65531) (8, 65532)
test34.cli
(8, 65533) (8, 65534)
test34.cli
(8, 65534) (2, end)
test34.cli last router is 65534
test35.cli
(1, start) (4, 400)
test35.cli
(4, 400) (8, 65531)
test35.cli
(8, 65531) (2, end)
test35.cli last router is 65531
test36.cli
(1, start) (4, 400)
test36.cli
(4, 400) (8, 65531)
test36.cli
(8, 65531) (8, 65533)
test36.cli
(8, 65533) (8, 65534)
test36.cli
(8, 65534) (2, end)
test36.cli last router is 65534
test37.cli
(1, start) (3, 500)
test37.cli
(3, 500) (4, 200)
test37.cli
(4, 200) (6, 65533)
test37.cli
(6, 65533) (2, end)
